Misaki:2022-06-06 21:52:11.628201:hey
Misaki:2022-06-06 21:52:13.049788:hey
June:2022-06-06 21:52:13.980102: Hi there! How can I help you?
June:2022-06-06 21:52:14.682767: hello! How can I help you?
