Misaki:2022-06-06 00:48:17.489087:hi
Curie:2022-06-06 00:48:20.451955:

Hello, how can I help you?
