Misaki:2022-06-07 18:18:28.562821:hey
June:2022-06-07 18:18:31.587838:

Hello there! How can I help you?
